0 13 14 3 8 16 17 10 6 4 10 3 9 7 6 6 1 10 8 3 10 13 9 9 3 11 6 9 5 5 7 15 7 
30 0 15 28 26 29 18 23 28 16 23 24 23 26 24 20 29 28 21 27 30 23 26 22 17 12 18 19 19 26 28 27 28 
21 22 0 22 12 22 3 17 13 10 16 15 15 11 9 12 14 14 14 12 15 8 11 16 2 14 12 12 13 11 19 18 13 
20 21 17 0 23 20 20 16 11 18 14 13 13 24 15 10 16 11 13 11 7 14 13 17 11 14 20 12 9 2 17 23 4 
11 24 8 14 0 11 11 13 12 15 5 4 10 17 6 7 12 2 11 14 7 5 10 18 5 11 14 9 6 8 8 20 10 
6 19 9 9 14 0 12 16 12 10 16 9 13 13 12 12 7 16 14 9 16 17 15 15 9 6 12 14 11 11 13 21 13 
19 19 21 19 13 22 0 14 10 7 16 12 16 21 13 15 11 15 12 9 12 18 8 13 13 18 9 16 14 20 16 18 22 
10 20 11 13 11 15 9 0 16 12 16 13 12 10 16 9 11 13 18 10 18 16 15 16 10 8 14 16 8 15 17 7 17 
23 17 11 21 12 17 14 19 0 12 11 16 22 13 12 19 22 14 2 23 19 17 21 18 13 8 14 7 18 14 20 23 16 
14 24 15 12 11 20 16 7 16 0 16 8 13 14 17 11 15 13 18 14 18 16 14 6 12 12 2 18 10 13 12 11 15 
12 25 15 10 13 6 18 17 16 16 0 8 14 12 18 11 13 15 18 15 17 18 14 21 12 12 18 19 10 12 12 24 14 
7 20 12 10 15 15 15 9 8 11 9 0 6 14 13 3 8 15 10 10 13 12 6 14 4 9 10 11 2 12 4 16 14 
19 28 6 11 17 15 9 9 11 7 9 14 0 17 10 3 12 15 7 18 15 12 9 13 4 3 9 5 2 13 18 16 15 
12 25 9 15 1 12 12 14 13 12 6 5 11 0 7 8 9 3 12 15 8 6 11 18 6 12 13 10 7 9 9 21 11 
19 28 8 17 15 13 11 16 11 9 7 15 17 16 0 14 12 17 5 20 22 16 9 15 10 5 11 3 15 19 19 20 21 
16 26 9 10 17 18 12 6 10 10 12 11 3 16 10 0 11 12 10 16 17 9 8 16 1 6 12 8 1 12 15 13 14 
17 22 13 13 7 18 16 10 5 3 12 11 8 17 5 5 0 9 7 17 14 12 11 9 6 10 5 8 4 15 15 14 17 
9 22 6 12 16 9 9 11 10 13 3 2 8 15 4 5 10 0 9 12 5 3 8 16 3 9 12 7 4 6 6 18 8 
21 31 18 20 10 16 21 20 22 23 10 14 20 11 16 17 20 12 0 24 17 15 20 28 15 21 24 19 16 18 18 27 20 
10 10 13 13 18 13 16 7 14 14 7 6 7 17 10 9 11 18 14 0 18 11 12 6 10 10 16 12 8 13 10 14 15 
19 25 12 11 16 21 15 9 8 12 15 14 6 19 13 3 9 15 10 19 0 12 6 18 4 9 14 11 2 13 18 16 15 
19 22 3 14 15 14 6 10 12 10 8 15 7 14 1 4 13 16 6 12 8 0 10 16 5 6 12 4 5 3 19 17 5 
19 19 13 16 10 19 16 13 2 6 13 12 11 15 8 8 3 10 4 20 15 13 0 12 5 10 8 9 7 16 16 17 18 
11 21 12 14 12 16 10 1 17 13 15 14 13 11 16 10 12 12 19 11 12 15 16 0 11 9 15 17 9 7 18 8 9 
28 37 22 30 29 34 25 28 27 30 28 31 25 28 28 22 28 31 26 28 19 30 25 34 0 26 32 24 21 32 35 25 16 
18 25 3 16 15 24 6 11 16 4 19 12 17 14 12 15 17 17 17 15 18 11 14 10 5 0 6 15 14 14 16 15 16 
12 22 13 15 13 18 16 15 14 14 15 6 12 12 18 9 13 15 16 12 17 18 12 18 10 10 0 17 8 17 10 9 14 
16 27 5 14 12 10 8 13 16 6 4 12 18 13 5 15 17 14 2 17 19 13 14 12 7 2 8 0 14 16 16 17 18 
17 26 10 9 17 19 13 7 9 11 13 12 4 17 11 1 10 13 11 17 16 10 7 17 2 7 13 9 0 11 16 14 13 
19 19 15 16 21 20 18 14 13 16 14 15 11 23 15 8 14 20 12 9 5 17 11 15 9 12 18 10 7 0 19 21 2 
17 21 15 15 12 11 18 11 4 8 5 13 13 17 10 10 5 12 6 20 17 15 2 10 7 12 10 11 9 12 0 18 14 
3 13 4 6 4 15 7 10 9 5 9 6 10 3 9 9 4 6 11 3 11 9 11 9 6 1 7 9 8 8 10 0 10 
22 28 13 14 19 18 16 12 11 14 12 17 9 21 13 6 12 18 10 22 3 15 9 20 7 10 16 8 5 16 21 19 0 
